Rhat range:			 NaN NaN
Iterations:			 5000
Elapsed min:			 33.445
Iters/minute:			 149.497
n_eff (samp):			 635.98 10000
n_eff/minutes:			 19.015 298.994

Parms:
               mean se_mean    sd   2.5%    25%    50%    75%  97.5%     n_eff  Rhat
beta[1]      -0.018   0.000 0.002 -0.022 -0.019 -0.018 -0.017 -0.015 10000.000 1.000
beta[2]       0.002   0.000 0.002 -0.001  0.001  0.002  0.004  0.006 10000.000 1.000
gamma[1,1]   -0.700   0.002 0.052 -0.801 -0.735 -0.700 -0.666 -0.600   835.319 1.002
gamma[1,2]   -1.082   0.002 0.054 -1.188 -1.119 -1.082 -1.045 -0.979   724.419 1.009
gamma[1,3]   -1.412   0.002 0.054 -1.519 -1.448 -1.412 -1.375 -1.307   730.967 1.001
gamma[1,4]   -1.591   0.002 0.053 -1.695 -1.627 -1.591 -1.554 -1.487   814.857 1.005
gamma[1,5]   -1.679   0.002 0.051 -1.781 -1.713 -1.679 -1.644 -1.580   756.348 1.003
gamma[1,6]   -1.715   0.002 0.052 -1.818 -1.749 -1.714 -1.679 -1.615   842.755 1.004
gamma[1,7]   -1.699   0.002 0.052 -1.802 -1.734 -1.698 -1.663 -1.599   637.087 1.007
gamma[1,8]   -1.655   0.002 0.052 -1.756 -1.690 -1.655 -1.620 -1.553   635.980 1.004
gamma[1,9]   -1.568   0.002 0.052 -1.670 -1.602 -1.567 -1.532 -1.466   693.363 1.005
gamma[1,10]  -1.383   0.002 0.054 -1.486 -1.421 -1.383 -1.347 -1.273   641.584 1.006
gamma[1,11]  -0.120   0.001 0.026 -0.171 -0.138 -0.120 -0.102 -0.069   989.198 1.002
gamma[1,12]   0.818   0.001 0.026  0.766  0.802  0.819  0.836  0.868   947.233 1.005
gamma[1,13]  -0.658   0.001 0.038 -0.734 -0.684 -0.659 -0.633 -0.583   681.308 1.003
gamma[1,14]  -0.013   0.001 0.037 -0.086 -0.038 -0.013  0.012  0.061   714.838 1.004
gamma[1,15]  -0.605   0.001 0.038 -0.679 -0.631 -0.605 -0.579 -0.532   667.434 1.006
gamma[1,16]   0.056   0.001 0.026  0.002  0.038  0.056  0.074  0.106   793.900 1.003
gamma[2,1]   -0.871   0.002 0.054 -0.976 -0.908 -0.871 -0.836 -0.767   852.476 1.002
gamma[2,2]   -1.151   0.002 0.056 -1.261 -1.189 -1.150 -1.112 -1.042   760.421 1.009
gamma[2,3]   -1.438   0.002 0.056 -1.549 -1.475 -1.439 -1.400 -1.328   822.159 1.001
gamma[2,4]   -1.665   0.002 0.055 -1.772 -1.702 -1.665 -1.628 -1.560   837.128 1.005
gamma[2,5]   -1.814   0.002 0.053 -1.921 -1.850 -1.815 -1.778 -1.713   803.263 1.003
gamma[2,6]   -1.859   0.002 0.054 -1.965 -1.895 -1.858 -1.822 -1.755   865.080 1.004
gamma[2,7]   -1.847   0.002 0.053 -1.951 -1.884 -1.846 -1.811 -1.743   671.398 1.006
gamma[2,8]   -1.768   0.002 0.054 -1.871 -1.804 -1.768 -1.732 -1.659   672.980 1.004
gamma[2,9]   -1.653   0.002 0.054 -1.758 -1.689 -1.652 -1.616 -1.548   720.729 1.004
gamma[2,10]  -1.409   0.002 0.055 -1.514 -1.448 -1.410 -1.372 -1.298   659.780 1.007
gamma[2,11]  -0.080   0.001 0.027 -0.132 -0.098 -0.080 -0.062 -0.027  1070.764 1.002
gamma[2,12]   0.874   0.001 0.027  0.820  0.856  0.874  0.892  0.924   982.150 1.005
gamma[2,13]  -0.802   0.001 0.039 -0.880 -0.828 -0.802 -0.776 -0.724   716.004 1.003
gamma[2,14]  -0.118   0.001 0.039 -0.194 -0.144 -0.117 -0.093 -0.040   744.326 1.004
gamma[2,15]  -0.624   0.001 0.039 -0.702 -0.651 -0.624 -0.598 -0.548   704.670 1.005
gamma[2,16]   0.082   0.001 0.027  0.027  0.063  0.082  0.100  0.134   853.445 1.003
sig           0.106   0.000 0.001  0.103  0.105  0.106  0.107  0.109 10000.000 1.000
zi[1]         0.230   0.000 0.010  0.212  0.223  0.230  0.236  0.249  1582.588 1.002
zi[2]         0.238   0.000 0.010  0.220  0.231  0.238  0.245  0.258  1493.938 1.002
L_Omega[1,1]  1.000   0.000 0.000  1.000  1.000  1.000  1.000  1.000 10000.000   NaN
L_Omega[1,2]  0.000   0.000 0.000  0.000  0.000  0.000  0.000  0.000 10000.000   NaN
L_Omega[2,1]  0.959   0.000 0.007  0.943  0.954  0.959  0.964  0.972  3235.904 1.002
L_Omega[2,2]  0.282   0.000 0.025  0.234  0.265  0.282  0.299  0.332  3215.686 1.002


Fit:
$dic
[1] -4463.761

$elpd_dic
[1] 2231.881

$logdev
[1] -5283.461

$pdic
[1] 819.6995

$waic
[1] -4773.093

$p_waic
[1] 452.0236

$lppd
[1] 2838.57

$p_waic_1
[1] 393.6795

