Rhat range:			 NaN NaN
Iterations:			 1000
Elapsed min:			 14.543
Iters/minute:			 68.76
n_eff (samp):			 79.749 1500
n_eff/minutes:			 5.484 103.141

Parms:
               mean se_mean    sd   2.5%    25%    50%    75%  97.5%    n_eff  Rhat
beta[1]      -0.018   0.000 0.002 -0.022 -0.019 -0.018 -0.017 -0.014 1500.000 0.999
beta[2]       0.002   0.000 0.002 -0.001  0.001  0.002  0.004  0.006 1500.000 1.000
gamma[1,1]   -0.701   0.005 0.053 -0.798 -0.739 -0.703 -0.665 -0.597  112.780 1.010
gamma[1,2]   -1.082   0.005 0.053 -1.185 -1.116 -1.081 -1.044 -0.987  124.066 1.011
gamma[1,3]   -1.415   0.006 0.056 -1.523 -1.452 -1.416 -1.377 -1.305   83.724 1.007
gamma[1,4]   -1.584   0.005 0.057 -1.690 -1.624 -1.586 -1.547 -1.471  108.366 1.008
gamma[1,5]   -1.673   0.005 0.054 -1.782 -1.707 -1.672 -1.637 -1.569  105.869 1.010
gamma[1,6]   -1.714   0.006 0.056 -1.825 -1.751 -1.714 -1.676 -1.601   97.294 1.009
gamma[1,7]   -1.693   0.006 0.057 -1.801 -1.732 -1.696 -1.654 -1.583  106.015 1.008
gamma[1,8]   -1.649   0.005 0.051 -1.747 -1.685 -1.649 -1.617 -1.548  125.552 1.013
gamma[1,9]   -1.560   0.005 0.053 -1.670 -1.594 -1.560 -1.524 -1.455  101.324 1.015
gamma[1,10]  -1.372   0.005 0.054 -1.488 -1.405 -1.371 -1.336 -1.272  132.712 1.003
gamma[1,11]  -0.117   0.002 0.027 -0.168 -0.136 -0.118 -0.098 -0.064  136.009 1.035
gamma[1,12]   0.815   0.003 0.030  0.752  0.795  0.816  0.835  0.871  137.986 1.011
gamma[1,13]  -0.666   0.004 0.038 -0.739 -0.692 -0.666 -0.640 -0.590   97.556 1.026
gamma[1,14]  -0.015   0.004 0.038 -0.091 -0.041 -0.014  0.010  0.060  105.884 1.025
gamma[1,15]  -0.608   0.004 0.038 -0.681 -0.633 -0.608 -0.582 -0.533   86.465 1.020
gamma[1,16]   0.056   0.002 0.026  0.003  0.038  0.056  0.074  0.106  150.527 1.006
gamma[2,1]   -0.872   0.005 0.056 -0.978 -0.910 -0.872 -0.833 -0.762  112.724 1.009
gamma[2,2]   -1.152   0.005 0.055 -1.259 -1.188 -1.150 -1.113 -1.050  130.956 1.013
gamma[2,3]   -1.441   0.006 0.058 -1.557 -1.480 -1.440 -1.401 -1.332   84.235 1.006
gamma[2,4]   -1.659   0.006 0.058 -1.771 -1.700 -1.659 -1.619 -1.546  110.351 1.007
gamma[2,5]   -1.809   0.005 0.056 -1.915 -1.847 -1.808 -1.771 -1.700  114.770 1.008
gamma[2,6]   -1.859   0.006 0.057 -1.971 -1.898 -1.856 -1.820 -1.752  100.316 1.008
gamma[2,7]   -1.841   0.006 0.059 -1.956 -1.881 -1.843 -1.798 -1.731  102.929 1.009
gamma[2,8]   -1.762   0.004 0.052 -1.858 -1.797 -1.762 -1.727 -1.663  132.026 1.011
gamma[2,9]   -1.645   0.006 0.055 -1.762 -1.681 -1.646 -1.605 -1.541   99.077 1.014
gamma[2,10]  -1.399   0.005 0.056 -1.520 -1.432 -1.396 -1.360 -1.298  136.662 1.004
gamma[2,11]  -0.077   0.002 0.027 -0.130 -0.097 -0.077 -0.058 -0.024  143.970 1.031
gamma[2,12]   0.871   0.003 0.031  0.806  0.851  0.872  0.892  0.931  142.275 1.013
gamma[2,13]  -0.810   0.004 0.040 -0.888 -0.839 -0.811 -0.781 -0.733   99.159 1.024
gamma[2,14]  -0.121   0.004 0.039 -0.199 -0.147 -0.119 -0.095 -0.043  107.755 1.024
gamma[2,15]  -0.627   0.004 0.040 -0.703 -0.655 -0.629 -0.600 -0.547   90.951 1.020
gamma[2,16]   0.082   0.002 0.027  0.027  0.064  0.083  0.100  0.134  153.754 1.006
sig[1]        0.114   0.000 0.002  0.109  0.112  0.114  0.115  0.118 1500.000 0.999
sig[2]        0.098   0.000 0.002  0.094  0.097  0.098  0.099  0.102 1500.000 0.999
zi[1]         0.230   0.001 0.010  0.211  0.223  0.229  0.236  0.251  185.573 0.999
zi[2]         0.239   0.001 0.011  0.219  0.232  0.239  0.246  0.262  190.323 1.002
L_Omega[1,1]  1.000   0.000 0.000  1.000  1.000  1.000  1.000  1.000 1500.000   NaN
L_Omega[1,2]  0.000   0.000 0.000  0.000  0.000  0.000  0.000  0.000 1500.000   NaN
L_Omega[2,1]  0.959   0.000 0.008  0.943  0.954  0.959  0.965  0.973  449.247 1.000
L_Omega[2,2]  0.282   0.001 0.027  0.231  0.263  0.282  0.299  0.333  442.979 1.000


Fit:
$dic
[1] -4484.653

$elpd_dic
[1] 2242.326

$logdev
[1] -5316.576

$pdic
[1] 831.9237

$waic
[1] -4801.542

$p_waic
[1] 455.2244

$lppd
[1] 2855.996

$p_waic_1
[1] 395.415

