Seed:      			 1404399575Rhat range:			 0.999 1.059
Iterations:			 2500
Elapsed min:			 14.147
Iters/minute:			 176.719
n_eff (samp):			 83.894 5000
n_eff/minutes:			 5.93 353.439

Parms:
            mean se_mean    sd   2.5%    25%    50%    75%  97.5%    n_eff  Rhat
beta      -0.033   0.001 0.016 -0.065 -0.042 -0.032 -0.022 -0.002  407.977 1.018
gamma[1]  -0.832   0.005 0.053 -0.935 -0.870 -0.833 -0.797 -0.725  130.937 1.019
gamma[2]  -1.168   0.004 0.052 -1.265 -1.206 -1.168 -1.132 -1.064  152.204 1.032
gamma[3]  -1.472   0.004 0.052 -1.578 -1.508 -1.471 -1.436 -1.374  136.736 1.035
gamma[4]  -1.674   0.004 0.052 -1.773 -1.711 -1.674 -1.639 -1.574  134.624 1.028
gamma[5]  -1.797   0.004 0.052 -1.901 -1.830 -1.798 -1.764 -1.693  139.403 1.030
gamma[6]  -1.833   0.004 0.051 -1.932 -1.870 -1.833 -1.798 -1.735  176.274 1.010
gamma[7]  -1.827   0.004 0.051 -1.931 -1.861 -1.827 -1.791 -1.730  156.711 1.001
gamma[8]  -1.762   0.004 0.050 -1.863 -1.796 -1.762 -1.727 -1.667  130.793 1.018
gamma[9]  -1.657   0.004 0.051 -1.763 -1.691 -1.657 -1.623 -1.556  163.794 1.022
gamma[10] -1.446   0.004 0.049 -1.538 -1.479 -1.446 -1.413 -1.351  141.397 1.040
gamma[11] -0.100   0.002 0.026 -0.150 -0.117 -0.099 -0.082 -0.048  199.587 1.013
gamma[12]  0.844   0.002 0.026  0.791  0.826  0.845  0.862  0.892  165.602 1.010
gamma[13] -0.730   0.004 0.037 -0.804 -0.755 -0.729 -0.704 -0.659   83.894 1.059
gamma[14] -0.065   0.004 0.038 -0.138 -0.092 -0.064 -0.039  0.013  100.483 1.032
gamma[15] -0.618   0.003 0.035 -0.685 -0.641 -0.618 -0.596 -0.546  139.303 1.014
gamma[16]  0.069   0.002 0.026  0.021  0.052  0.070  0.086  0.122  149.855 1.032
zi         0.231   0.001 0.009  0.212  0.224  0.231  0.237  0.250  355.963 1.009
delta      0.045   0.000 0.016  0.024  0.034  0.042  0.052  0.084 1436.373 1.003
sig        0.119   0.000 0.002  0.116  0.118  0.119  0.120  0.123 1544.046 1.002


Fit:
$dic
[1] -4152.654

$elpd_dic
[1] 2076.327

$logdev
[1] -4522.275

$pdic
[1] 369.6209

$waic
[1] -4188.17

$p_waic
[1] 306.8067

$lppd
[1] 2400.892

$p_waic_1
[1] 279.5078

