Rhat range:			 0.998 1.038
Iterations:			 1000
Elapsed min:			 4.353
Iters/minute:			 229.726
n_eff (samp):			 89.77 1500
n_eff/minutes:			 20.623 344.589

Parms:
            mean se_mean    sd   2.5%    25%    50%    75%  97.5%    n_eff  Rhat
beta[1]   -0.426   0.007 0.077 -0.577 -0.481 -0.424 -0.373 -0.279  126.836 1.020
beta[2]   -0.023   0.000 0.002 -0.026 -0.024 -0.023 -0.022 -0.020 1500.000 1.001
gamma[1]  -0.563   0.009 0.090 -0.748 -0.621 -0.563 -0.498 -0.396   94.401 1.020
gamma[2]  -1.171   0.007 0.078 -1.324 -1.223 -1.170 -1.117 -1.026  141.345 1.009
gamma[3]  -1.665   0.007 0.079 -1.816 -1.717 -1.665 -1.610 -1.512  139.282 1.009
gamma[4]  -1.993   0.008 0.083 -2.158 -2.048 -1.990 -1.933 -1.847  104.135 1.015
gamma[5]  -2.169   0.006 0.076 -2.326 -2.217 -2.168 -2.120 -2.018  146.895 1.010
gamma[6]  -2.149   0.007 0.079 -2.309 -2.205 -2.147 -2.094 -1.999  143.416 1.011
gamma[7]  -2.051   0.009 0.086 -2.230 -2.107 -2.048 -1.991 -1.885   99.475 1.017
gamma[8]  -1.847   0.006 0.084 -2.012 -1.905 -1.847 -1.790 -1.687  169.995 1.009
gamma[9]  -1.447   0.008 0.085 -1.625 -1.503 -1.440 -1.387 -1.297  120.539 1.010
gamma[10] -0.256   0.003 0.040 -0.330 -0.283 -0.257 -0.229 -0.176  130.695 1.021
gamma[11] -0.335   0.003 0.037 -0.403 -0.361 -0.337 -0.311 -0.259  118.073 1.038
gamma[12] -1.249   0.005 0.058 -1.367 -1.286 -1.246 -1.209 -1.141  127.441 1.013
gamma[13] -0.248   0.005 0.056 -0.354 -0.286 -0.247 -0.208 -0.137  142.814 1.020
gamma[14] -0.981   0.006 0.060 -1.094 -1.021 -0.983 -0.942 -0.859   89.770 1.034
gamma[15]  0.223   0.003 0.038  0.151  0.197  0.223  0.251  0.293  147.129 1.008
zi         0.344   0.001 0.016  0.313  0.333  0.344  0.354  0.375  158.094 1.028
sig        0.270   0.000 0.003  0.263  0.267  0.270  0.272  0.277 1500.000 1.000


Fit:
$dic
[1] 1045.987

$elpd_dic
[1] -522.9936

$logdev
[1] 695.2103

$pdic
[1] 350.7769

$waic
[1] 1012.754

$p_waic
[1] 292.0439

$lppd
[1] -214.3331

$p_waic_1
[1] 266.5441

