df for d_t = 9

Rhat range:			 NaN NaN
Iterations:			 1500
Elapsed min:			 19.61
Iters/minute:			 76.49
n_eff (samp):			 187.256 3000
n_eff/minutes:			 9.549 152.98

Parms:
               mean se_mean    sd   2.5%    25%    50%    75%  97.5%    n_eff  Rhat
beta[1]      -0.046   0.000 0.013 -0.072 -0.054 -0.046 -0.038 -0.020  849.126 1.002
beta[2]       0.003   0.001 0.009 -0.016 -0.003  0.003  0.008  0.022  328.353 1.022
gamma[1,1]   -0.407   0.005 0.091 -0.572 -0.471 -0.404 -0.345 -0.227  273.734 1.006
gamma[1,2]   -1.127   0.005 0.090 -1.305 -1.190 -1.126 -1.067 -0.948  275.789 1.012
gamma[1,3]   -1.803   0.006 0.091 -1.978 -1.866 -1.803 -1.742 -1.621  263.979 1.011
gamma[1,4]   -2.268   0.006 0.090 -2.441 -2.329 -2.269 -2.206 -2.089  243.577 1.005
gamma[1,5]   -2.594   0.005 0.090 -2.770 -2.654 -2.593 -2.531 -2.427  275.641 1.015
gamma[1,6]   -2.765   0.005 0.092 -2.944 -2.829 -2.766 -2.699 -2.583  293.352 1.026
gamma[1,7]   -2.723   0.007 0.097 -2.914 -2.789 -2.722 -2.658 -2.540  204.850 1.017
gamma[1,8]   -2.562   0.006 0.095 -2.744 -2.629 -2.563 -2.497 -2.373  241.483 1.012
gamma[1,9]   -2.375   0.006 0.091 -2.562 -2.433 -2.375 -2.314 -2.195  243.349 1.010
gamma[1,10]  -1.992   0.006 0.091 -2.172 -2.054 -1.992 -1.931 -1.811  213.029 1.030
gamma[1,11]  -0.330   0.003 0.043 -0.416 -0.359 -0.331 -0.301 -0.247  187.256 1.028
gamma[1,12]  -0.291   0.002 0.045 -0.381 -0.321 -0.291 -0.262 -0.200  319.186 1.007
gamma[1,13]  -1.150   0.004 0.065 -1.277 -1.192 -1.149 -1.107 -1.020  238.862 1.018
gamma[1,14]  -0.085   0.004 0.063 -0.209 -0.127 -0.088 -0.044  0.041  205.308 1.013
gamma[1,15]  -0.932   0.004 0.062 -1.052 -0.975 -0.933 -0.888 -0.810  243.263 1.018
gamma[1,16]   0.238   0.003 0.043  0.150  0.210  0.239  0.268  0.322  282.066 1.009
gamma[2,1]   -0.521   0.005 0.076 -0.670 -0.571 -0.520 -0.470 -0.374  265.807 1.008
gamma[2,2]   -0.949   0.004 0.077 -1.100 -1.000 -0.950 -0.897 -0.794  297.643 1.014
gamma[2,3]   -1.481   0.005 0.079 -1.630 -1.535 -1.481 -1.427 -1.325  284.668 1.009
gamma[2,4]   -1.984   0.005 0.077 -2.138 -2.036 -1.985 -1.932 -1.836  245.050 1.006
gamma[2,5]   -2.334   0.005 0.077 -2.487 -2.388 -2.333 -2.281 -2.187  291.921 1.017
gamma[2,6]   -2.524   0.005 0.079 -2.678 -2.577 -2.523 -2.469 -2.374  303.876 1.025
gamma[2,7]   -2.538   0.006 0.081 -2.702 -2.590 -2.535 -2.483 -2.386  205.369 1.016
gamma[2,8]   -2.476   0.005 0.080 -2.635 -2.530 -2.476 -2.424 -2.318  253.162 1.011
gamma[2,9]   -2.264   0.005 0.077 -2.425 -2.313 -2.264 -2.212 -2.119  242.273 1.008
gamma[2,10]  -1.886   0.005 0.077 -2.032 -1.939 -1.887 -1.834 -1.736  229.066 1.027
gamma[2,11]  -0.182   0.003 0.037 -0.257 -0.205 -0.182 -0.157 -0.108  202.846 1.024
gamma[2,12]  -0.389   0.002 0.039 -0.467 -0.415 -0.389 -0.362 -0.310  334.383 1.006
gamma[2,13]  -1.367   0.004 0.057 -1.478 -1.404 -1.367 -1.328 -1.255  268.277 1.013
gamma[2,14]  -0.421   0.003 0.056 -0.528 -0.459 -0.423 -0.384 -0.313  255.053 1.010
gamma[2,15]  -1.049   0.003 0.055 -1.152 -1.086 -1.050 -1.011 -0.942  247.862 1.014
gamma[2,16]   0.196   0.002 0.038  0.118  0.170  0.197  0.222  0.268  298.741 1.007
zi[1]         0.373   0.001 0.016  0.343  0.362  0.373  0.384  0.405  594.116 1.005
zi[2]         0.328   0.001 0.014  0.302  0.318  0.328  0.337  0.357  674.571 1.003
delta         0.012   0.000 0.006  0.005  0.008  0.011  0.014  0.027  392.617 1.017
sig[1]        0.248   0.000 0.005  0.238  0.245  0.248  0.252  0.258 3000.000 0.999
sig[2]        0.225   0.000 0.004  0.217  0.222  0.225  0.228  0.234 3000.000 1.001
L_Omega[1,1]  1.000   0.000 0.000  1.000  1.000  1.000  1.000  1.000 3000.000   NaN
L_Omega[1,2]  0.000   0.000 0.000  0.000  0.000  0.000  0.000  0.000 3000.000   NaN
L_Omega[2,1]  0.938   0.000 0.014  0.909  0.930  0.939  0.948  0.962  822.555 1.002
L_Omega[2,2]  0.344   0.001 0.037  0.273  0.319  0.343  0.368  0.417  813.822 1.002


Fit:
$dic
[1] 657.8957

$elpd_dic
[1] -328.9478

$logdev
[1] -150.103

$pdic
[1] 807.9987

$waic
[1] 332.1246

$p_waic
[1] 428.9428

$lppd
[1] 262.8805

$p_waic_1
[1] 375.6579

