Seed:      			 1404399575Rhat range:			 0.998 1.127
Iterations:			 1000
Elapsed min:			 6.019
Iters/minute:			 166.142
n_eff (samp):			 6.833 1500
n_eff/minutes:			 1.135 249.213

Parms:
            mean se_mean    sd   2.5%    25%    50%    75%  97.5%    n_eff  Rhat
beta      -0.023   0.000 0.001 -0.024 -0.023 -0.023 -0.023 -0.022 1500.000 1.000
gamma[1]  -0.786   0.007 0.047 -0.880 -0.820 -0.785 -0.750 -0.703   46.264 1.053
gamma[2]  -1.101   0.006 0.046 -1.189 -1.135 -1.101 -1.068 -1.013   59.796 1.032
gamma[3]  -1.404   0.008 0.055 -1.511 -1.442 -1.407 -1.366 -1.299   45.857 1.034
gamma[4]  -1.609   0.009 0.054 -1.712 -1.648 -1.605 -1.569 -1.511   33.791 1.050
gamma[5]  -1.722   0.007 0.049 -1.813 -1.756 -1.724 -1.692 -1.622   49.542 1.043
gamma[6]  -1.776   0.009 0.052 -1.865 -1.812 -1.780 -1.742 -1.665   36.665 1.057
gamma[7]  -1.755   0.008 0.051 -1.851 -1.791 -1.756 -1.719 -1.656   42.848 1.073
gamma[8]  -1.685   0.006 0.047 -1.781 -1.715 -1.685 -1.656 -1.587   67.949 1.024
gamma[9]  -1.586   0.007 0.049 -1.677 -1.620 -1.587 -1.553 -1.490   45.570 1.055
gamma[10] -1.370   0.008 0.049 -1.461 -1.406 -1.372 -1.335 -1.274   35.232 1.116
gamma[11] -0.089   0.002 0.023 -0.134 -0.105 -0.090 -0.075 -0.040  104.549 1.037
gamma[12]  0.847   0.003 0.025  0.795  0.829  0.847  0.864  0.896   54.771 1.054
gamma[13] -0.746   0.004 0.032 -0.808 -0.768 -0.745 -0.723 -0.686   73.977 1.013
gamma[14] -0.085   0.007 0.041 -0.158 -0.114 -0.085 -0.055 -0.008   32.921 1.058
gamma[15] -0.616   0.006 0.039 -0.691 -0.642 -0.620 -0.589 -0.539   42.289 1.019
gamma[16]  0.072   0.004 0.024  0.015  0.058  0.074  0.088  0.112   38.600 1.053
zi         0.224   0.001 0.009  0.207  0.217  0.223  0.230  0.244  127.991 1.002
sig        0.092   0.000 0.002  0.089  0.091  0.092  0.093  0.095 1033.480 1.001


Fit:
$dic
[1] 3874.145

$elpd_dic
[1] -1937.073

$logdev
[1] -3303.622

$pdic
[1] 7177.767

$waic
[1] -1688.087

$p_waic
[1] 1351.097

$lppd
[1] 2195.14

$p_waic_1
[1] 1086.659

