Rhat range:			 0.998 1.041
Iterations:			 1000
Elapsed min:			 9.707
Iters/minute:			 103.017
n_eff (samp):			 80.806 1500
n_eff/minutes:			 8.324 154.526

Parms:
              mean se_mean    sd   2.5%    25%    50%    75%  97.5%    n_eff  Rhat
beta[1]     -0.018   0.000 0.002 -0.022 -0.019 -0.018 -0.017 -0.014 1500.000 0.999
beta[2]      0.002   0.000 0.002 -0.001  0.001  0.002  0.004  0.006 1500.000 0.998
gamma[1,1]  -0.694   0.005 0.058 -0.804 -0.732 -0.692 -0.656 -0.582  134.341 1.022
gamma[1,2]  -1.073   0.004 0.053 -1.185 -1.109 -1.071 -1.033 -0.974  158.064 1.003
gamma[1,3]  -1.402   0.005 0.055 -1.510 -1.439 -1.403 -1.365 -1.292  146.772 1.010
gamma[1,4]  -1.585   0.004 0.053 -1.696 -1.619 -1.584 -1.551 -1.481  186.686 1.004
gamma[1,5]  -1.669   0.005 0.054 -1.770 -1.707 -1.670 -1.631 -1.560  127.897 1.011
gamma[1,6]  -1.707   0.005 0.056 -1.814 -1.744 -1.708 -1.668 -1.597  124.750 1.015
gamma[1,7]  -1.689   0.004 0.057 -1.805 -1.731 -1.687 -1.648 -1.584  161.648 1.005
gamma[1,8]  -1.642   0.004 0.054 -1.745 -1.681 -1.641 -1.603 -1.539  166.294 1.004
gamma[1,9]  -1.562   0.004 0.053 -1.669 -1.596 -1.563 -1.527 -1.459  187.140 1.006
gamma[1,10] -1.380   0.005 0.055 -1.487 -1.417 -1.381 -1.345 -1.267  140.603 1.006
gamma[1,11] -0.123   0.002 0.026 -0.175 -0.139 -0.122 -0.105 -0.072  228.077 1.004
gamma[1,12]  0.819   0.002 0.028  0.766  0.801  0.819  0.837  0.876  149.250 1.009
gamma[1,13] -0.665   0.003 0.038 -0.739 -0.693 -0.665 -0.638 -0.593  151.723 1.010
gamma[1,14] -0.017   0.003 0.038 -0.085 -0.043 -0.017  0.008  0.063  152.028 1.001
gamma[1,15] -0.609   0.002 0.036 -0.679 -0.634 -0.609 -0.586 -0.535  215.152 1.003
gamma[1,16]  0.051   0.002 0.025 -0.001  0.036  0.051  0.066  0.100  180.399 1.024
gamma[2,1]  -0.881   0.004 0.054 -0.986 -0.917 -0.881 -0.842 -0.776  205.623 1.011
gamma[2,2]  -1.149   0.005 0.054 -1.254 -1.187 -1.149 -1.112 -1.047  113.570 1.039
gamma[2,3]  -1.445   0.004 0.052 -1.550 -1.478 -1.443 -1.411 -1.341  178.449 1.007
gamma[2,4]  -1.667   0.004 0.057 -1.776 -1.705 -1.668 -1.628 -1.560  167.488 1.031
gamma[2,5]  -1.816   0.005 0.055 -1.922 -1.855 -1.816 -1.777 -1.711  141.321 1.021
gamma[2,6]  -1.862   0.004 0.056 -1.967 -1.901 -1.864 -1.824 -1.748  169.234 1.016
gamma[2,7]  -1.849   0.004 0.056 -1.966 -1.888 -1.849 -1.812 -1.743  165.169 1.008
gamma[2,8]  -1.765   0.004 0.051 -1.867 -1.800 -1.764 -1.731 -1.671  191.172 1.015
gamma[2,9]  -1.654   0.004 0.051 -1.760 -1.685 -1.653 -1.623 -1.553  178.571 1.026
gamma[2,10] -1.414   0.005 0.054 -1.519 -1.450 -1.415 -1.373 -1.315  144.029 1.041
gamma[2,11] -0.077   0.002 0.027 -0.134 -0.094 -0.075 -0.058 -0.030  144.872 1.015
gamma[2,12]  0.874   0.003 0.028  0.816  0.856  0.874  0.893  0.929   80.806 1.020
gamma[2,13] -0.806   0.003 0.036 -0.875 -0.830 -0.809 -0.785 -0.729  161.653 1.016
gamma[2,14] -0.118   0.003 0.038 -0.191 -0.143 -0.118 -0.094 -0.041  181.611 1.018
gamma[2,15] -0.625   0.003 0.041 -0.707 -0.653 -0.625 -0.597 -0.547  147.921 1.026
gamma[2,16]  0.083   0.002 0.027  0.029  0.065  0.083  0.100  0.133  190.119 1.007
zi1          0.230   0.001 0.010  0.212  0.223  0.229  0.236  0.252  279.285 1.010
zi2          0.239   0.001 0.010  0.221  0.232  0.238  0.245  0.260  195.251 1.009
sig          0.106   0.000 0.001  0.103  0.105  0.106  0.107  0.109 1500.000 1.004


Fit:
$dic
[1] -4542.863

$elpd_dic
[1] 2271.432

$logdev
[1] -5283.446

$pdic
[1] 740.5826

$waic
[1] -4624.531

$p_waic
[1] 568.2635

$lppd
[1] 2880.529

$p_waic_1
[1] 477.6122

